Original ASM failed to create resources/champs/Backward.cor
Lexical error at [3:1]

Difference for resources/champs/Backward.s /n
1c1,11
< Fake
---
> 0000000 00 ea 83 f3 73 65 62 63 00 00 00 00 00 00 00 00
> 0000010 00 00 00 00 00 00 00 00 00 00 00 00 00 00 00 00
> *
> 0000080 00 00 00 00 00 00 00 00 00 00 00 34 73 65 62 63
> 0000090 00 00 00 00 00 00 00 00 00 00 00 00 00 00 00 00
> *
> 0000890 03 70 01 00 0d 02 90 00 00 00 04 03 01 00 00 00
> 00008a0 01 02 90 ff ff ff d8 02 0a 94 00 1c 02 04 0b 64
> 00008b0 04 ff b2 02 04 54 02 03 02 09 ff 7f 08 54 04 04
> 00008c0 04 09 ff e7                                    
> 00008c4

Original ASM failed to create resources/champs/Death.cor
Lexical error at [3:1]

Difference for resources/champs/Death.s /n
1c1,18
< Fake
---
> 0000000 00 ea 83 f3 44 65 61 74 68 00 00 00 00 00 00 00
> 0000010 00 00 00 00 00 00 00 00 00 00 00 00 00 00 00 00
> *
> 0000080 00 00 00 00 00 00 00 00 00 00 00 a8 46 6f 72 6b
> 0000090 00 00 00 00 00 00 00 00 00 00 00 00 00 00 00 00
> *
> 0000890 03 70 01 00 92 03 70 01 00 92 03 70 01 00 92 03
> 00008a0 70 01 00 92 03 70 01 00 31 03 70 01 00 59 08 54
> 00008b0 02 02 02 0c 00 53 02 90 ff ff ff f1 03 02 90 00
> 00008c0 00 00 01 04 04 54 03 04 03 09 00 0b 08 54 05 05
> 00008d0 05 09 ff f3 01 00 00 00 01 02 90 ff ff ff e7 03
> 00008e0 02 90 00 00 00 01 04 04 54 03 04 03 09 00 0b 08
> 00008f0 54 05 05 05 09 ff f3 08 54 01 01 01 04 54 01 01
> 0000900 01 01 00 00 00 01 0c 00 03 0c 00 03 0c 00 03 0c
> 0000910 00 03 0c 00 03 0c 00 03 0c 00 03 0c 00 03 0c 00
> 0000920 03 01 00 00 00 01 01 00 00 00 01 01 00 00 00 01
> 0000930 01 00 00 00 01 09 ff ec                        
> 0000938

Original ASM failed to create resources/champs/Torpille.cor
Lexical error at [3:1]

Difference for resources/champs/Torpille.s /n
1d0
< Fake

Original ASM failed to create resources/champs/lde.cor
Syntax error at token [TOKEN][002:002] INSTRUCTION "ld"

Difference for resources/champs/lde.s /n
1c1,5
< Fake
---
> 0000000 00 ea 83 f3 4c 44 45 20 4c 44 45 20 4c 44 45 00
> 0000010 00 00 00 00 00 00 00 00 00 00 00 00 00 00 00 00
> *
> 0000080 00 00 00 00 00 00 00 00 00 00 03 41            
> 000008c

Original ASM failed to create resources/champs/leeloo.cor
Lexical error at [31:23]

Difference for resources/champs/leeloo.s /n
1c1,64
< Fake
---
> 0000000 00 ea 83 f3 4c 65 65 6c 6f 6f 00 00 00 00 00 00
> 0000010 00 00 00 00 00 00 00 00 00 00 00 00 00 00 00 00
> *
> 0000080 00 00 00 00 00 00 00 00 00 00 03 7e 4d 75 6c 74
> 0000090 69 70 61 73 73 00 00 00 00 00 00 00 00 00 00 00
> 00000a0 00 00 00 00 00 00 00 00 00 00 00 00 00 00 00 00
> *
> 0000890 02 90 00 00 00 00 06 09 00 72 03 70 10 ff c2 03
> 00008a0 70 10 ff c5 03 70 10 ff b8 03 70 10 ff bb 03 70
> 00008b0 10 ff ae 03 70 10 ff b1 03 70 10 ff a4 01 00 00
> 00008c0 00 01 03 70 10 ff a2 03 70 10 ff 95 03 70 10 ff
> 00008d0 98 03 70 10 ff 8b 03 70 10 ff 8e 03 70 10 ff 81
> 00008e0 03 70 10 ff 84 09 ff b5 03 70 0f fe 20 03 70 04
> 00008f0 fe 1f 03 70 07 fe 1e 03 70 08 fe 1d 03 70 0d fe
> 0000900 1c 03 70 0e fe 1b 09 fe 02 03 70 01 01 78 03 70
> 0000910 01 01 7f 03 70 01 01 af 03 70 01 01 b6 03 70 01
> 0000920 01 50 03 70 01 01 55 03 70 01 01 8c 03 70 01 01
> 0000930 91 03 70 10 ff 66 03 70 10 ff 56 03 70 10 ff 4d
> 0000940 03 70 10 ff 44 01 00 00 00 01 0c 00 1f 01 00 00
> 0000950 00 01 02 90 00 00 00 00 02 09 01 7c 09 ff 8c 02
> 0000960 90 00 00 00 00 10 09 ff 34 01 00 00 00 01 0c 00
> 0000970 a3 01 00 00 00 01 02 90 03 70 03 00 05 02 90 04
> 0000980 03 70 03 06 02 90 03 70 05 fe 09 02 90 0c 03 70
> 0000990 06 0a 02 90 fe 0b 09 fe 0b 02 90 02 00 00 00 0c
> 00009a0 02 90 03 70 09 fe 0f 02 90 16 03 70 0a 04 02 90
> 00009b0 fe 15 03 70 07 02 90 0b fe 14 03 08 02 90 70 0c
> 00009c0 fe 13 0d 02 90 09 fe 02 00 0e 0c 00 19 01 00 00
> 00009d0 00 04 02 90 08 f4 03 70 03 02 90 00 00 00 00 02
> 00009e0 09 ff 08 01 00 00 00 03 02 90 03 70 04 f4 03 08
> 00009f0 54 02 02 02 09 fe f4 01 00 00 00 01 0c 00 15 01
> 0000a00 00 00 00 01 02 90 00 00 00 00 02 09 00 ca 09 01
> 0000a10 5d 01 00 00 00 01 0c ff 2f 01 00 00 00 01 0c 00
> 0000a20 03 01 00 00 00 03 0c 00 03 01 00 00 00 03 0c 00
> 0000a30 03 01 00 00 00 03 0c 00 08 01 00 00 00 03 01 00
> 0000a40 00 00 03 0c 00 08 01 00 00 00 03 0c 00 49 01 00
> 0000a50 00 00 03 03 70 10 fe b7 01 00 00 00 03 03 70 10
> 0000a60 fe ad 01 00 00 00 03 03 70 10 fe a3 01 00 00 00
> 0000a70 03 03 70 10 fe 99 01 00 00 00 03 03 70 10 fe 8f
> 0000a80 01 00 00 00 01 02 90 00 00 00 00 06 01 00 00 00
> 0000a90 01 09 ff bd 01 00 00 00 03 03 70 10 fe 76 01 00
> 0000aa0 00 00 03 03 70 10 fe 6c 01 00 00 00 03 03 70 10
> 0000ab0 fe 62 01 00 00 00 03 03 70 10 fe 58 01 00 00 00
> 0000ac0 04 01 00 00 00 01 02 90 00 00 00 00 06 01 00 00
> 0000ad0 00 01 09 ff c2 01 00 00 00 01 0c fe 85 01 00 00
> 0000ae0 00 01 0c 00 d4 01 00 00 00 01 02 90 03 70 03 00
> 0000af0 05 02 90 04 03 70 03 06 02 90 03 70 05 01 09 02
> 0000b00 90 fc 03 70 06 0a 02 90 01 fb 09 01 0b 02 90 f2
> 0000b10 00 00 00 0c 02 90 03 70 09 01 0f 02 90 fc 03 70
> 0000b20 0a 04 02 90 01 fb 03 70 07 02 90 0b 01 fa 03 08
> 0000b30 02 90 70 0c 01 f9 0d 02 90 09 01 e8 00 0e 0c 00
> 0000b40 19 01 00 00 00 04 02 90 07 51 03 70 03 02 90 00
> 0000b50 00 00 00 02 09 00 94 01 00 00 00 03 02 90 70 03
> 0000b60 70 04 03 08 54 02 02 02 09 00 80 01 00 00 00 05
> 0000b70 01 00 00 00 05 01 00 00 00 05 01 00 00 00 05 01
> 0000b80 00 00 00 05 01 00 00 00 05 01 00 00 00 05 01 00
> 0000b90 00 00 05 01 00 00 00 05 01 00 00 00 05 01 00 00
> 0000ba0 00 05 01 00 00 00 05 01 00 00 00 05 02 90 00 00
> 0000bb0 00 00 10 09 ff b8 01 00 00 00 01 0c 00 19 01 00
> 0000bc0 00 00 04 02 90 07 51 03 70 03 02 90 00 00 00 00
> 0000bd0 02 09 00 38 01 00 00 00 03 02 90 70 03 70 04 03
> 0000be0 08 54 02 02 02 09 00 24 03 70 0f 01 e8 03 70 04
> 0000bf0 01 e7 03 70 07 01 e6 03 70 08 01 e5 03 70 0d 01
> 0000c00 e4 03 70 0e 01 e3 09 01 ca 03 70 03 00 04      
> 0000c0e

Original ASM failed to create resources/champs/mat.cor
Lexical error at [182:1]

Difference for resources/champs/mat.s /n
1c1,64
< Fake
---
> 0000000 00 ea 83 f3 4d 61 74 00 00 00 00 00 00 00 00 00
> 0000010 00 00 00 00 00 00 00 00 00 00 00 00 00 00 00 00
> *
> 0000080 00 00 00 00 00 00 00 00 00 00 03 87 4d 61 74 00
> 0000090 00 00 00 00 00 00 00 00 00 00 00 00 00 00 00 00
> *
> 0000890 08 54 00 00 00 09 01 fc 01 00 00 00 01 01 00 00
> 00008a0 00 01 01 00 00 00 01 01 00 00 00 01 01 00 00 00
> 00008b0 01 01 00 00 00 01 01 00 00 00 01 01 00 00 00 01
> 00008c0 01 00 00 00 01 01 00 00 00 01 01 00 00 00 01 01
> 00008d0 00 00 00 01 01 00 00 00 01 01 00 00 00 01 01 00
> 00008e0 00 00 01 01 00 00 00 01 01 00 00 00 01 01 00 00
> 00008f0 00 01 01 00 00 00 01 01 00 00 00 01 01 00 00 00
> 0000900 01 01 00 00 00 01 01 00 00 00 01 01 00 00 00 01
> 0000910 01 00 00 00 01 01 00 00 00 01 01 00 00 00 01 01
> 0000920 00 00 00 01 01 00 00 00 01 01 00 00 00 01 01 00
> 0000930 00 00 01 01 00 00 00 01 01 00 00 00 01 01 00 00
> 0000940 00 01 01 00 00 00 01 01 00 00 00 01 01 00 00 00
> 0000950 01 01 00 00 00 01 01 00 00 00 01 01 00 00 00 01
> 0000960 01 00 00 00 01 01 00 00 00 01 01 00 00 00 01 01
> 0000970 00 00 00 01 01 00 00 00 01 01 00 00 00 01 01 00
> 0000980 00 00 01 01 00 00 00 01 01 00 00 00 01 01 00 00
> 0000990 00 01 01 00 00 00 01 01 00 00 00 01 01 00 00 00
> 00009a0 01 01 00 00 00 01 01 00 00 00 01 01 00 00 00 01
> 00009b0 01 00 00 00 01 01 00 00 00 01 01 00 00 00 01 01
> 00009c0 00 00 00 01 01 00 00 00 01 01 00 00 00 01 01 00
> 00009d0 00 00 01 01 00 00 00 01 01 00 00 00 01 01 00 00
> 00009e0 00 01 01 00 00 00 01 01 00 00 00 01 01 00 00 00
> 00009f0 01 01 00 00 00 01 01 00 00 00 01 01 00 00 00 01
> 0000a00 01 00 00 00 01 01 00 00 00 01 01 00 00 00 01 01
> 0000a10 00 00 00 01 01 00 00 00 01 01 00 00 00 01 01 00
> 0000a20 00 00 01 01 00 00 00 01 01 00 00 00 01 01 00 00
> 0000a30 00 01 01 00 00 00 01 01 00 00 00 01 01 00 00 00
> 0000a40 01 01 00 00 00 01 01 00 00 00 01 01 00 00 00 01
> 0000a50 01 00 00 00 01 01 00 00 00 01 01 00 00 00 01 01
> 0000a60 00 00 00 01 01 00 00 00 01 01 00 00 00 01 01 00
> 0000a70 00 00 01 01 00 00 00 01 01 00 00 00 01 01 00 00
> 0000a80 00 01 01 00 00 00 01 01 00 00 00 01 01 00 00 00
> 0000a90 01 09 01 6b 01 00 00 00 01 01 00 00 00 01 01 00
> 0000aa0 00 00 01 01 00 00 00 01 01 00 00 00 01 01 00 00
> 0000ab0 00 01 01 00 00 00 01 01 00 00 00 01 01 00 00 00
> 0000ac0 01 01 00 00 00 01 01 00 00 00 01 01 00 00 00 01
> 0000ad0 01 00 00 00 01 01 00 00 00 01 01 00 00 00 01 01
> 0000ae0 00 00 00 01 01 00 00 00 01 01 00 00 00 01 01 00
> 0000af0 00 00 01 01 00 00 00 01 01 00 00 00 01 01 00 00
> 0000b00 00 01 01 00 00 00 01 01 00 00 00 01 01 00 00 00
> 0000b10 01 01 00 00 00 01 01 00 00 00 01 01 00 00 00 01
> 0000b20 01 00 00 00 01 01 00 00 00 01 01 00 00 00 01 01
> 0000b30 00 00 00 01 01 00 00 00 01 01 00 00 00 01 01 00
> 0000b40 00 00 01 01 00 00 00 01 01 00 00 00 01 01 00 00
> 0000b50 00 01 01 00 00 00 01 01 00 00 00 01 01 00 00 00
> 0000b60 01 01 00 00 00 01 01 00 00 00 01 01 00 00 00 01
> 0000b70 01 00 00 00 01 01 00 00 00 01 01 00 00 00 01 01
> 0000b80 00 00 00 01 01 00 00 00 01 01 00 00 00 01 01 00
> 0000b90 00 00 01 01 00 00 00 01 01 00 00 00 01 01 00 00
> 0000ba0 00 01 01 00 00 00 01 01 00 00 00 01 01 00 00 00
> 0000bb0 01 01 00 00 00 01 01 00 00 00 01 01 00 00 00 01
> 0000bc0 01 00 00 00 01 01 00 00 00 01 01 00 00 00 01 01
> 0000bd0 00 00 00 01 01 00 00 00 01 01 00 00 00 01 01 00
> 0000be0 00 00 01 01 00 00 00 01 01 00 00 00 01 01 00 00
> 0000bf0 00 01 01 00 00 00 01 01 00 00 00 01 0c 00 0c 02
> 0000c00 90 70 00 00 04 00 02 90 08 03 00 03 00 01 00 00
> 0000c10 00 01 03 70 00 00 04                           
> 0000c17

Original ASM failed to create resources/champs/new.cor
Lexical error at [3:1]

Difference for resources/champs/new.s /n
1c1,65
< Fake
---
> 0000000 00 ea 83 f3 4c 65 65 6c 6f 6f 00 00 00 00 00 00
> 0000010 00 00 00 00 00 00 00 00 00 00 00 00 00 00 00 00
> *
> 0000080 00 00 00 00 00 00 00 00 00 00 03 8c 4d 75 6c 74
> 0000090 69 70 61 73 73 00 00 00 00 00 00 00 00 00 00 00
> 00000a0 00 00 00 00 00 00 00 00 00 00 00 00 00 00 00 00
> *
> 0000890 02 90 00 00 00 00 06 09 00 72 03 70 00 ff c2 03
> 00008a0 70 00 ff c5 03 70 00 ff b8 03 70 00 ff bb 03 70
> 00008b0 00 ff ae 03 70 00 ff b1 03 70 00 ff a4 01 00 00
> 00008c0 00 01 03 70 00 ff a2 03 70 00 ff 95 03 70 00 ff
> 00008d0 98 03 70 00 ff 8b 03 70 00 ff 8e 03 70 00 ff 81
> 00008e0 03 70 00 ff 84 09 ff b5 03 70 0f fe 20 03 70 04
> 00008f0 fe 1f 03 70 07 fe 1e 03 70 08 fe 1d 03 70 0d fe
> 0000900 1c 03 70 0e fe 1b 09 fe 02 03 70 01 01 86 03 70
> 0000910 01 01 8d 03 70 01 01 bd 03 70 01 01 c4 03 70 01
> 0000920 01 5e 03 70 01 01 63 03 70 01 01 9a 03 70 01 01
> 0000930 9f 02 90 00 00 00 00 00 03 70 00 ff 5f 02 90 ff
> 0000940 ff ff ff 00 03 70 00 ff 48 03 70 00 ff 3f 03 70
> 0000950 00 ff 36 01 00 00 00 01 0c 00 1f 01 00 00 00 01
> 0000960 02 90 00 00 00 00 02 09 01 7c 09 ff 7e 02 90 00
> 0000970 00 00 00 00 09 ff 26 01 00 00 00 01 0c 00 a3 01
> 0000980 00 00 00 01 02 90 03 70 03 00 05 02 90 04 03 70
> 0000990 03 06 02 90 03 70 05 fe 09 02 90 0c 03 70 06 0a
> 00009a0 02 90 fe 0b 09 fe 0b 02 90 02 00 00 00 0c 02 90
> 00009b0 03 70 09 fe 0f 02 90 16 03 70 0a 04 02 90 fe 15
> 00009c0 03 70 07 02 90 0b fe 14 03 08 02 90 70 0c fe 13
> 00009d0 0d 02 90 09 fe 02 00 0e 0c 00 19 01 00 00 00 04
> 00009e0 02 90 08 f4 03 70 03 02 90 00 00 00 00 02 09 fe
> 00009f0 fa 01 00 00 00 03 02 90 03 70 04 f4 03 08 54 02
> 0000a00 02 02 09 fe e6 01 00 00 00 01 0c 00 15 01 00 00
> 0000a10 00 01 02 90 00 00 00 00 02 09 00 ca 09 01 5d 01
> 0000a20 00 00 00 01 0c ff 2f 01 00 00 00 01 0c 00 03 01
> 0000a30 00 00 00 03 0c 00 03 01 00 00 00 03 0c 00 03 01
> 0000a40 00 00 00 03 0c 00 08 01 00 00 00 03 01 00 00 00
> 0000a50 03 0c 00 08 01 00 00 00 03 0c 00 49 01 00 00 00
> 0000a60 03 03 70 00 fe a9 01 00 00 00 03 03 70 00 fe 9f
> 0000a70 01 00 00 00 03 03 70 00 fe 95 01 00 00 00 03 03
> 0000a80 70 00 fe 8b 01 00 00 00 03 03 70 00 fe 81 01 00
> 0000a90 00 00 01 02 90 00 00 00 00 06 01 00 00 00 01 09
> 0000aa0 ff bd 01 00 00 00 03 03 70 00 fe 68 01 00 00 00
> 0000ab0 03 03 70 00 fe 5e 01 00 00 00 03 03 70 00 fe 54
> 0000ac0 01 00 00 00 03 03 70 00 fe 4a 01 00 00 00 04 01
> 0000ad0 00 00 00 01 02 90 00 00 00 00 06 01 00 00 00 01
> 0000ae0 09 ff c2 01 00 00 00 01 0c fe 85 01 00 00 00 01
> 0000af0 0c 00 d4 01 00 00 00 01 02 90 03 70 03 00 05 02
> 0000b00 90 04 03 70 03 06 02 90 03 70 05 01 09 02 90 fc
> 0000b10 03 70 06 0a 02 90 01 fb 09 01 0b 02 90 f2 00 00
> 0000b20 00 0c 02 90 03 70 09 01 0f 02 90 fc 03 70 0a 04
> 0000b30 02 90 01 fb 03 70 07 02 90 0b 01 fa 03 08 02 90
> 0000b40 70 0c 01 f9 0d 02 90 09 01 e8 00 0e 0c 00 19 01
> 0000b50 00 00 00 04 02 90 07 51 03 70 03 02 90 00 00 00
> 0000b60 00 02 09 00 94 01 00 00 00 03 02 90 70 03 70 04
> 0000b70 03 08 54 02 02 02 09 00 80 01 00 00 00 05 01 00
> 0000b80 00 00 05 01 00 00 00 05 01 00 00 00 05 01 00 00
> 0000b90 00 05 01 00 00 00 05 01 00 00 00 05 01 00 00 00
> 0000ba0 05 01 00 00 00 05 01 00 00 00 05 01 00 00 00 05
> 0000bb0 01 00 00 00 05 01 00 00 00 05 02 90 00 00 00 00
> 0000bc0 00 09 ff b8 01 00 00 00 01 0c 00 19 01 00 00 00
> 0000bd0 04 02 90 07 51 03 70 03 02 90 00 00 00 00 02 09
> 0000be0 00 38 01 00 00 00 03 02 90 70 03 70 04 03 08 54
> 0000bf0 02 02 02 09 00 24 03 70 0f 01 e8 03 70 04 01 e7
> 0000c00 03 70 07 01 e6 03 70 08 01 e5 03 70 0d 01 e4 03
> 0000c10 70 0e 01 e3 09 01 ca 03 70 03 00 04            
> 0000c1c

Original ASM failed to create resources/champs/sebc.cor
Lexical error at [3:1]

Difference for resources/champs/sebc.s /n
1c1,7
< Fake
---
> 0000000 00 ea 83 f3 73 65 62 63 00 00 00 00 00 00 00 00
> 0000010 00 00 00 00 00 00 00 00 00 00 00 00 00 00 00 00
> *
> 0000080 00 00 00 00 00 00 00 00 00 00 00 00 73 65 62 63
> 0000090 00 00 00 00 00 00 00 00 00 00 00 00 00 00 00 00
> *
> 0000890

Original ASM failed to create resources/champs/tdc2.cor
Lexical error at [3:1]

Difference for resources/champs/tdc2.s /n
1c1,24
< Fake
---
> 0000000 00 ea 83 f3 64 74 6f 6e 63 20 76 31 2e 30 70 6c
> 0000010 32 00 00 00 00 00 00 00 00 00 00 00 00 00 00 00
> 0000020 00 00 00 00 00 00 00 00 00 00 00 00 00 00 00 00
> *
> 0000080 00 00 00 00 00 00 00 00 00 00 00 c3 74 61 20 6d
> 0000090 65 72 65 20 65 6c 6c 65 20 66 61 69 74 20 64 75
> 00000a0 20 72 6f 64 65 6f 20 73 75 72 20 6c 65 73 20 6b
> 00000b0 66 61 72 00 00 00 00 00 00 00 00 00 00 00 00 00
> 00000c0 00 00 00 00 00 00 00 00 00 00 00 00 00 00 00 00
> *
> 0000890 02 90 00 00 00 0f 03 02 90 00 00 00 c3 04 02 90
> 00008a0 00 00 00 00 07 02 90 00 09 00 00 08 01 00 00 00
> 00008b0 01 0c ff fb 02 90 00 00 00 00 05 0c 00 16 01 00
> 00008c0 00 00 01 0c 00 16 01 00 00 00 01 0c 00 42 09 ff
> 00008d0 de 01 00 00 00 01 09 ff fb 01 00 00 00 01 0c ff
> 00008e0 fb 01 00 00 00 01 0b 64 08 00 68 02 04 54 02 03
> 00008f0 02 05 54 04 02 05 09 00 0d 02 90 00 00 00 00 05
> 0000900 09 ff e1 02 90 00 00 00 00 02 09 ff d7 01 00 00
> 0000910 00 01 0c ff fb 01 00 00 00 01 0b 64 07 ff 76 02
> 0000920 05 54 02 03 02 04 54 04 02 05 09 00 0d 02 90 00
> 0000930 00 00 00 05 09 ff e1 02 90 00 00 00 00 02 09 ff
> 0000940 d7 01 00 00 00 00 08 54 01 01 05 09 ff f6 08 54
> 0000950 01 01 01                                       
> 0000953

Original ASM failed to create resources/champs/tdc3.cor
Lexical error at [3:1]

Difference for resources/champs/tdc3.s /n
1c1,19
< Fake
---
> 0000000 00 ea 83 f3 64 74 6f 6e 63 20 76 31 2e 30 70 6c
> 0000010 33 00 00 00 00 00 00 00 00 00 00 00 00 00 00 00
> 0000020 00 00 00 00 00 00 00 00 00 00 00 00 00 00 00 00
> *
> 0000080 00 00 00 00 00 00 00 00 00 00 00 74 74 61 20 6d
> 0000090 65 72 65 20 65 6c 6c 65 20 66 61 69 74 20 64 75
> 00000a0 20 72 6f 64 65 6f 20 73 75 72 20 6c 65 73 20 6b
> 00000b0 66 61 72 00 00 00 00 00 00 00 00 00 00 00 00 00
> 00000c0 00 00 00 00 00 00 00 00 00 00 00 00 00 00 00 00
> *
> 0000890 02 90 80 00 00 00 06 02 90 00 00 00 0a 03 02 90
> 00008a0 00 00 00 c8 04 01 00 00 00 01 04 54 02 03 02 05
> 00008b0 54 02 04 05 06 54 05 06 05 09 00 0a 02 90 00 00
> 00008c0 00 00 02 01 00 00 00 01 0c 00 10 0c ff da 02 90
> 00008d0 00 00 00 00 05 09 ff d0 01 00 00 00 01 0b 64 08
> 00008e0 00 27 02 04 54 02 03 02 05 54 04 02 05 09 00 0d
> 00008f0 02 90 00 00 00 00 05 09 ff e1 02 90 00 00 00 00
> 0000900 02 09 ff d7                                    
> 0000904

Original ASM failed to create resources/champs/tdc4.cor
Lexical error at [3:1]

Difference for resources/champs/tdc4.s /n
1c1,16
< Fake
---
> 0000000 00 ea 83 f3 64 74 6f 6e 63 20 76 31 2e 30 70 6c
> 0000010 34 00 00 00 00 00 00 00 00 00 00 00 00 00 00 00
> 0000020 00 00 00 00 00 00 00 00 00 00 00 00 00 00 00 00
> *
> 0000080 00 00 00 00 00 00 00 00 00 00 00 4c 74 61 20 6d
> 0000090 65 72 65 20 65 6c 6c 65 20 66 61 69 74 20 64 75
> 00000a0 20 72 6f 64 65 6f 20 73 75 72 20 6c 65 73 20 6b
> 00000b0 66 61 72 00 00 00 00 00 00 00 00 00 00 00 00 00
> 00000c0 00 00 00 00 00 00 00 00 00 00 00 00 00 00 00 00
> *
> 0000890 03 70 01 00 20 03 70 01 00 36 02 90 00 00 00 64
> 00008a0 04 02 90 00 00 00 04 06 02 90 00 00 00 00 03 01
> 00008b0 00 00 00 01 0a 94 ff dc 03 02 0b 64 02 01 90 03
> 00008c0 04 54 03 06 03 05 54 03 04 05 01 00 00 00 01 09
> 00008d0 01 51 02 90 00 00 00 00 05 09 ff db            
> 00008dc

